0.905759
1.429319
1.952879
2.476439
3.000000
3.523560
4.047120
4.570680
5.094240
5.617801
6.141361
6.664921
7.188481
7.712041
8.235602
8.759162
9.282722
9.806282
10.329842
10.853403
11.376963
11.900523
12.424083
12.947643
13.471204
13.994764
14.518324
15.041884
15.565445
16.089005
16.612565
17.136125
17.659685
18.183246
18.706806
19.230366
19.753926
20.277486
20.801047
21.324607
21.848167
22.371727
22.895287
23.418848
23.942408
24.465968
24.989528
25.513089
26.036649
26.560209
27.083769
27.607329
28.130890
28.654450
29.178010
29.701570
