0.7170000076293945
1.485044002532959
2.2900898456573486
3.0841352939605713
3.8271777629852295
4.648224830627441
5.428269386291504
6.290318727493286
7.157368421554565
8.028418064117432
8.813462972640991
9.67351222038269
10.51956057548523
11.349608182907104
12.187655925750732
13.10770869255066
13.983758687973022
14.918812274932861
15.882867336273193
16.844922304153442
17.75197434425354
18.691028118133545
19.60908055305481
20.453128814697266
21.373181343078613
22.249231576919556
23.137282371520996
24.071335792541504
25.047391414642334
25.977444648742676
26.91049814224243
27.807549476623535
28.6715989112854
29.582650899887085