0.4179999828338623
0.9180285930633545
1.5040621757507324
2.06209397315979
2.673128843307495
3.1881585121154785
3.6941874027252197
4.239218473434448
4.811251163482666
5.364282846450806
5.986318349838257
6.592353105545044
7.227389335632324
7.804422378540039
8.400456666946411
8.991490364074707
9.578523874282837
10.258562803268433
10.965603351593018
11.542636156082153
12.10766863822937
12.621698141098022
13.209731578826904
13.808765888214111
14.419800758361816
14.937830448150635
15.526864051818848
16.111897706985474
16.6079261302948
17.10695457458496
17.67298698425293
18.24001932144165
18.811052083969116
19.369083881378174
19.903114557266235
20.41014337539673
20.947174072265625
21.493205547332764
22.096240043640137
22.654271841049194
23.212303638458252
23.71033215522766
24.346368551254272
24.992405652999878
25.55343770980835
26.1264705657959
26.751506090164185
27.277536153793335
27.825567722320557
28.40860104560852
29.00863528251648
29.553666353225708