0.18700003623962402
0.7070298194885254
1.2220592498779297
1.7610900402069092
2.2951207160949707
2.828151226043701
3.3351800441741943
3.8602101802825928
4.380239963531494
4.935271739959717
5.441300630569458
5.9813315868377686
6.498361110687256
7.035391807556152
7.5414206981658936
8.068450927734375
8.605481624603271
9.141512155532837
9.665542125701904
10.185571908950806
10.712602138519287
11.237632036209106
11.740660905838013
12.292692422866821
12.815722465515137
13.366753816604614
13.871782779693604
14.416814088821411
14.95584487915039
15.491875410079956
15.967902660369873
16.49793291091919
17.05196475982666
17.560993909835815
18.09602451324463
18.62105441093445
19.14908456802368
19.655113697052002
20.1921443939209
20.748176097869873
21.236203908920288
21.779235124588013
22.287264108657837
22.81529426574707
23.350324869155884
23.86735463142395
24.383383989334106
24.902413606643677
25.43744421005249
25.965474605560303
26.47450351715088
27.005533933639526
27.52056360244751
28.040593147277832
28.5646231174469
29.084
29.608