0.5380001068115234
0.9510238170623779
1.448052167892456
1.9520809650421143
2.395106315612793
2.882134199142456
3.3851630687713623
3.8621902465820312
4.365218877792358
4.8392462730407715
5.337274551391602
5.820302248001099
6.296329498291016
6.794358015060425
7.310387372970581
7.795415163040161
8.267442226409912
8.735468864440918
9.246498107910156
9.73352599143982
10.206552982330322
10.702581405639648
11.198609828948975
11.676637172698975
12.155664682388306
12.645692586898804
13.119719743728638
13.608747720718384
14.072774171829224
14.572802782058716
15.043829679489136
15.508856296539307
16.010885000228882
16.465911149978638
16.97294020652771
17.468968391418457
17.952996253967285
18.42702317237854
18.91205096244812
19.361076831817627
19.846104383468628
20.27712917327881
20.760156869888306
21.24018406867981
21.710211038589478
22.19023847579956
22.663265466690063
23.108291149139404
23.613319873809814
24.06134557723999
24.578375101089478
25.09240460395813
25.559431314468384
26.02145767211914
26.515486001968384
26.933509826660156
27.405536890029907
27.888564586639404
28.357591152191162
28.83561873435974
29.275643825531006
29.752671003341675