0.7769999504089355
1.5390434265136719
2.4590961933135986
3.332146167755127
4.188194990158081
5.056244611740112
5.9162938594818115
6.7413411140441895
7.565388202667236
8.51744270324707
9.313488245010376
10.191538333892822
11.107590675354004
11.951639175415039
12.859691143035889
13.70673942565918
14.53278660774231
15.370834589004517
16.228883743286133
17.197939157485962
18.07098913192749
19.058045625686646
20.027101039886475
20.98715591430664
21.776201009750366
22.657251358032227
23.576303958892822
24.474355459213257
25.28140139579773
26.138450622558594
26.993499517440796
27.820546865463257
28.66259479522705
29.50864338874817