0.4779999256134033
1.167039394378662
1.8230769634246826
2.4181110858917236
3.05014705657959
3.7021844387054443
4.347221374511719
4.947255611419678
5.613293647766113
6.269331216812134
6.9433698654174805
7.5514044761657715
8.160439252853394
8.82747745513916
9.49051547050476
10.100550413131714
10.73958683013916
11.379623413085938
12.042661428451538
12.639695644378662
13.284732580184937
13.92276906967163
14.598807573318481
15.17884087562561
15.839878559112549
16.472914934158325
17.13295269012451
17.763988733291626
18.433027029037476
19.080064058303833
19.69309902191162
20.323135137557983
20.945170640945435
21.613208770751953
22.28624725341797
22.913283109664917
23.535318851470947
24.184355974197388
24.831392765045166
25.473429679870605
26.113466262817383
26.785504579544067
27.437541961669922
28.088579177856445
28.738616466522217
29.367652416229248