0.5899999141693115
1.4260475635528564
2.231093645095825
3.046140432357788
3.884188175201416
4.715235710144043
5.537282943725586
6.372330665588379
7.196377754211426
8.024425029754639
8.853472471237183
9.65051794052124
10.482565641403198
11.321613550186157
12.104658365249634
12.90070390701294
13.751752614974976
14.578799962997437
15.411847591400146
16.20589303970337
17.0739426612854
17.890989303588867
18.688035011291504
19.495081186294556
20.281126260757446
21.135174989700317
21.92322015762329
22.717265367507935
23.576314449310303
24.377360343933105
25.218408584594727
26.041455507278442
26.856502056121826
27.654547929763794
28.52559757232666
29.350644826889038