0.2690000534057617
0.8040306568145752
1.2930586338043213
1.7750861644744873
2.2541136741638184
2.7291407585144043
3.2131683826446533
3.6901957988739014
4.139221429824829
4.6662514209747314
5.173280477523804
5.66930890083313
6.145336151123047
6.649364948272705
7.1803953647613525
7.642421722412109
8.13444995880127
8.620477676391602
9.149507999420166
9.634535789489746
10.144564867019653
10.64059329032898
11.162623167037964
11.662651777267456
12.161680221557617
12.659708738327026
13.100733995437622
13.575761079788208
14.072789669036865
14.55981731414795
15.04484510421753
15.52987289428711
16.026901245117188
16.469926595687866
16.96395492553711
17.431981801986694
17.923009872436523
18.375035524368286
18.864063501358032
19.346091270446777
19.843119621276855
20.287144899368286
20.76217222213745
21.23919939994812
21.727227449417114
22.22125554084778
22.704283237457275
23.20731210708618
23.66433811187744
24.17536735534668
24.664395332336426
25.16542410850525
25.667452812194824
26.166481256484985
26.656509399414062
27.161538124084473
27.65156626701355
28.120593070983887
28.656623601913452
29.162652492523193
29.641680002212524