1.375
1.9870350360870361
2.568068265914917
3.177103042602539
3.780137538909912
4.4271745681762695
5.047209978103638
5.690246820449829
6.279280662536621
6.889315366744995
7.478349208831787
8.11538553237915
8.704419374465942
9.347455978393555
9.994493007659912
10.62852931022644
11.278566598892212
11.907602548599243
12.506636619567871
13.1406729221344
13.786710023880005
14.426746606826782
15.078783988952637
15.697819232940674
16.314854621887207
16.99289321899414
17.60692858695984
18.237964630126953
18.837998867034912
19.447033643722534
20.064069032669067
20.706105709075928
21.34214210510254
21.99817967414856
22.64621663093567
23.236250400543213
23.860285997390747
24.42231822013855
25.076355695724487
25.717392444610596
26.30642604827881
26.889459371566772
27.48749351501465
28.085527896881104
28.699562788009644
29.37360143661499