0.4930000305175781
0.9350252151489258
1.3370482921600342
1.7270705699920654
2.0690901279449463
2.4391114711761475
2.8451344966888428
3.216155767440796
3.579176664352417
3.92919659614563
4.313218593597412
4.698240518569946
5.033259868621826
5.412281274795532
5.786302804946899
6.1563239097595215
6.5223448276519775
6.892366170883179
7.283388376235962
7.662410020828247
8.025430917739868
8.390451669692993
8.76447319984436
9.16049575805664
9.505515575408936
9.90453839302063
10.28656005859375
10.659581661224365
11.020602226257324
11.396623611450195
11.769644975662231
12.154667139053345
12.5206880569458
12.887708902359009
13.252729892730713
13.635751724243164
13.992772102355957
14.335791826248169
14.717813730239868
15.102835655212402
15.472856760025024
15.83887767791748
16.188897848129272
16.59692120552063
16.93894076347351
17.35396456718445
17.701984405517578
18.094006776809692
18.500030040740967
18.87005114555359
19.2130708694458
19.53308916091919
19.905110359191895
20.27813172340393
20.655153274536133
21.016173839569092
21.387195110321045
21.730214834213257
22.104236125946045
22.494258403778076
22.88528084754944
23.250301599502563
23.621322870254517
23.99334406852722
24.37536597251892
24.753387689590454
25.104407787322998
25.476428985595703
25.839449644088745
26.208470821380615
26.595492839813232
26.946513175964355
27.349536180496216
27.710556745529175
28.113579750061035
28.43859839439392
28.838621139526367
29.192641496658325
29.56466293334961
29.944684505462646