0.2390000820159912
0.6520237922668457
1.060046911239624
1.4330682754516602
1.8690931797027588
2.2721164226531982
2.6861400604248047
3.0541610717773438
3.452183961868286
3.8722078800201416
4.304232597351074
4.6882545948028564
5.077276706695557
5.469299077987671
5.9013237953186035
6.278345584869385
6.670367956161499
7.0903918743133545
7.534417390823364
7.9204394817352295
8.333463191986084
8.723485469818115
9.137508869171143
9.547532558441162
9.981557369232178
10.368579387664795
10.777602672576904
11.193626642227173
11.60765027999878
11.968671083450317
12.391695261001587
12.745715379714966
13.174740076065063
13.593763828277588
14.023788452148438
14.40781044960022
14.827834367752075
15.217856884002686
15.622879981994629
16.015902519226074
16.42992615699768
16.840949773788452
17.265974044799805
17.65899634361267
18.070019960403442
18.46504259109497
18.898067235946655
19.301090478897095
19.682112216949463
20.093135595321655
20.523160219192505
20.893181324005127
21.33220648765564
21.719228744506836
22.1592538356781
22.52827477455139
22.954299211502075
23.335321187973022
23.76334547996521
24.16036820411682
24.52938938140869
24.955413818359375
25.365437269210815
25.768460273742676
26.1684832572937
26.599507808685303
27.02053189277649
27.400553464889526
27.81957769393921
28.239601612091064
28.658625602722168
29.020646333694458
29.447670698165894
29.86869478225708