0.2990000247955322
0.9670381546020508
1.6460771560668945
2.3351166248321533
3.023155927658081
3.763198137283325
4.485239505767822
5.165278434753418
5.865318536758423
6.576359033584595
7.291399955749512
8.032442331314087
8.712481260299683
9.36651873588562
10.085559844970703
10.849603652954102
11.583645582199097
12.252683639526367
12.94472336769104
13.673764944076538
14.359804391860962
15.044843435287476
15.77888536453247
16.512927532196045
17.19196629524231
17.88300585746765
18.61304759979248
19.327088356018066
20.007127285003662
20.72316813468933
21.455210208892822
22.16425061225891
22.838289260864258
23.559330463409424
24.283371925354004
24.968410968780518
25.68645215034485
26.37749171257019
27.09453272819519
27.772571563720703
28.496612787246704
29.173651695251465
29.902693271636963