1.0910000801086426
1.7480378150939941
2.3890743255615234
3.031111001968384
3.650146484375
4.277182340621948
4.965221643447876
5.606258392333984
6.246294975280762
6.905332565307617
7.589371919631958
8.200406789779663
8.842443466186523
9.462478876113892
10.133517265319824
10.720550775527954
11.396589517593384
12.033626079559326
12.654661655426025
13.274697065353394
13.90073275566101
14.532768964767456
15.175805807113647
15.792840957641602
16.402875900268555
17.03391194343567
17.660947799682617
18.280983448028564
18.91401958465576
19.551055908203125
20.172091484069824
20.801127433776855
21.430163383483887
22.051198959350586
22.700236082077026
23.33027219772339
23.940307140350342
24.530340671539307
25.158376693725586
25.753410816192627
26.401447772979736
27.060485363006592
27.731523752212524
28.340558767318726
28.967594623565674
29.630632400512695