0.380174
0.904191
1.428209
1.952226
2.476244
3.000261
3.524278
4.048296
4.572313
5.096331
5.620348
6.144366
6.668383
7.192401
7.716418
8.240436
8.764453
9.288471
9.812488
10.336506
10.860523
11.38454
11.908558
12.432575
12.956593
13.48061
14.004628
14.528645
15.052663
15.57668
16.100698
16.624715
17.148733
17.67275
18.196768
18.720785
19.244802
19.76882
20.292837
20.816855
21.340872
21.86489
22.388907
22.912925
23.436942
23.96096
24.484977
25.008995
25.533012
26.05703
26.581047
27.105064
27.629082
28.153099
28.677117
29.201134
29.725152