0.24452
0.736324
1.228127
1.71993
2.211733
2.703537
3.19534
3.687143
4.178947
4.67075
5.162553
5.654356
6.14616
6.637963
7.129766
7.621569
8.113373
8.605176
9.096979
9.588783
10.080586
10.572389
11.064192
11.555996
12.047799
12.539602
13.031406
13.523209
14.015012
14.506815
14.998619
15.490422
15.982225
16.474028
16.965832
17.457635
17.949438
18.441242
18.933045
19.424848
19.916651
20.408455
20.900258
21.392061
21.883865
22.375668
22.867471
23.359274
23.851078
24.342881
24.834684
25.326487
25.818291
26.310094
26.801897
27.293701
27.785504
28.277307
28.76911
29.260914
29.752717