0.162540
0.731429
1.311927
1.892426
2.461315
3.018594
3.587483
4.167982
4.736871
5.317370
5.886259
6.455147
7.047256
7.639365
8.231474
8.823583
9.404082
9.984580
10.588299
11.133968
11.679637
12.260136
12.840635
13.409524
13.990023
14.570522
15.162630
15.743129
16.300408
16.869297
17.438186
18.018685
18.587574
19.168073
19.760181
20.329070
20.897959
21.478458
22.058957
22.627846
23.208345
23.777234
24.346122
24.926621
25.495510
26.064399
26.633288
27.202177
27.771066
28.363175
28.943673
29.512562
