0.516644
1.090408
1.623991
2.157596
2.693515
3.227574
3.767438
4.326803
4.841361
5.369615
5.926893
6.443537
6.995011
7.523265
8.057324
8.620408
9.148662
9.709206
10.266009
10.762449
11.308118
11.813152
12.335601
12.863855
13.403719
13.966395
14.477642
15.029116
15.567211
16.112404
16.631293
17.179592
17.736395
18.270000
18.803605
19.319002
19.858866
20.404399
20.932789
21.478458
22.012517
22.569796
23.103855
23.652404
24.189388
24.706032
25.240091
25.791565
26.331429
26.877211
27.422766
27.956009
28.501202
29.046395
29.591610
