0.047891
0.522449
0.983946
1.461610
1.922902
2.387302
2.857506
3.323356
3.792109
4.265215
4.721202
5.185193
5.654059
6.125714
6.591565
7.045805
7.511655
7.977506
8.444807
8.906304
9.369252
9.848390
10.300952
10.776395
11.235556
11.704399
12.168390
12.609206
13.085896
13.559002
14.023401
14.487800
14.937687
15.393379
15.868798
16.341043
16.796803
17.236463
17.722630
18.197188
18.644172
19.116803
19.572971
20.037370
20.497211
20.961202
21.426213
21.884807
22.343401
22.817211
23.278005
23.746757
24.209206
24.667347
25.128571
25.589592
26.051020
26.516327
26.981633
27.446939
27.914286
28.379592
28.842857
29.318367
29.771429
