0.168345
0.513741
0.882358
1.229592
1.578957
1.935964
2.290068
2.644807
2.992472
3.340794
3.691973
4.051882
4.408005
4.762993
5.115601
5.468299
5.807891
6.171202
6.519206
6.867211
7.226803
7.587120
7.926712
8.283719
8.640726
9.013197
9.372789
9.709206
10.045601
10.381995
10.739229
11.112789
11.453243
11.804444
12.164354
12.509751
12.864399
13.223991
13.580771
13.943197
14.288980
14.634376
14.988481
15.342585
15.690884
16.039184
16.381678
16.753197
17.101497
17.449796
17.800998
18.149297
18.500499
18.884807
19.232789
19.557596
19.917211
20.288390
20.624807
20.972789
21.332404
21.680408
22.016803
22.376395
22.734694
23.095601
23.443605
23.804082
24.151202
24.502041
24.865306
25.208163
25.559184
25.914286
26.261224
26.624490
26.975510
27.330612
27.677596
28.013991
28.386395
28.731791
29.091701
29.440000
29.794104
