0.438700
0.886700
1.327200
1.741400
2.194200
2.670400
3.111400
3.610700
4.075100
4.507000
4.947300
5.363800
5.819200
6.267700
6.706900
7.147200
7.594800
8.034700
8.482900
8.931100
9.363000
9.802700
10.242000
10.674000
11.146000
11.595000
12.019000
12.474000
12.906000
13.340000
13.786000
14.242000
14.674000
15.122000
15.570000
16.043000
16.506000
16.938000
17.354000
17.803000
18.259000
18.699000
19.130000
19.578000
20.010000
20.459000
20.882000
21.331000
21.786000
22.242000
22.650000
23.082000
23.538000
23.978000
24.458000
24.924000
25.370000
25.850000
26.298000
26.747000
27.187000
27.611000
28.050000
28.474000
28.914000
29.347000
29.787000
