0.395918
0.859138
1.323537
1.819864
2.292971
2.780590
3.239184
3.720998
4.185397
4.667211
5.131610
5.613424
6.072018
6.553832
7.041451
7.511655
7.970249
8.440454
8.904853
9.396009
9.860000
10.347211
10.811202
11.279093
11.760907
12.226395
12.701995
13.166009
13.630113
14.117211
14.592789
15.058141
15.551565
16.019592
16.495193
16.959206
17.434807
17.921995
18.386009
18.884807
19.342222
19.818231
20.282630
20.763991
21.228005
21.715193
22.202404
22.654807
23.141995
23.594399
24.070000
24.533991
25.021202
25.473605
25.972404
26.448005
26.935193
27.387937
27.874807
28.350408
28.814399
29.266803
29.753991
