0.185760
0.683900
1.183129
1.693968
2.193197
2.680816
3.191655
3.690884
4.190113
4.689342
5.188571
5.687800
6.187029
6.686259
7.185488
7.696327
8.195556
8.694785
9.194014
9.693243
10.192472
10.691701
11.190930
11.690159
12.189388
12.688617
13.187846
13.687075
14.186304
14.685533
15.184762
15.695601
16.194830
16.694059
17.193288
17.692517
18.191746
18.690975
19.190204
19.689433
20.188662
20.687891
21.187120
21.697959
22.185578
22.684807
23.184036
23.694875
24.194104
24.693333
25.192562
25.691791
26.191020
26.690249
27.189478
27.688707
28.187937
28.687166
29.186395
29.697234
