0.269388
0.881610
1.403605
1.948798
2.528798
3.059229
3.610703
4.173787
4.731066
5.294150
5.858005
6.414512
6.960181
7.511655
8.074739
8.620408
9.171882
9.734966
10.335601
10.892404
11.449206
11.971202
12.538776
13.096054
13.635918
14.193197
14.766803
15.346803
15.903605
16.428118
17.017211
17.573991
18.117370
18.710794
19.243537
19.801202
20.369592
20.926395
21.506395
22.040000
22.596803
23.130408
23.687211
24.243991
24.812404
25.346009
25.914399
26.459592
27.016395
27.584807
28.153197
28.675193
29.243605
29.800408
