0.446984
0.922993
1.387392
1.863401
2.327800
2.803810
3.268209
3.732608
4.208617
4.673016
5.137415
5.613424
6.077823
6.553832
7.018231
7.494240
7.958639
8.423039
8.899048
9.363447
9.827846
10.303855
10.768254
11.244263
11.708662
12.184671
12.649070
13.125079
13.589478
14.065488
14.529887
14.994286
15.458685
15.934694
16.399093
16.875102
17.339501
17.815510
18.279909
18.755918
19.220317
19.684717
20.149116
20.625125
21.089524
21.565533
22.029932
22.505941
22.970340
23.434739
23.910748
24.375147
24.839546
25.315556
25.779955
26.255964
26.720363
27.196372
27.660771
28.136780
28.601179
29.077188
29.541587
