0.139320
0.696599
1.253878
1.799546
2.345215
2.902494
3.448163
3.993832
4.539501
5.096780
5.654059
6.211338
6.745397
7.314286
7.848345
8.394014
8.939683
9.496961
10.042630
10.588299
11.133968
11.691247
12.248526
12.794195
13.339864
13.885533
14.442812
14.988481
15.545760
16.103039
16.648707
17.194376
17.740045
18.297324
18.842993
19.388662
19.945941
20.503220
21.048889
21.594558
22.140227
22.697506
23.243175
23.800454
24.346122
24.903401
25.449070
25.994739
26.552018
27.109297
27.654966
28.200635
28.746304
29.303583
29.849252
