0.139320
0.719819
1.288707
1.857596
2.438095
2.995374
3.575873
4.109932
4.667211
5.212880
5.781769
6.339048
6.907937
7.488435
8.080544
8.649433
9.195102
9.740771
10.309660
10.855329
11.424218
12.004717
12.585215
13.165714
13.722993
14.291882
14.872381
15.441270
15.998549
16.590658
17.147937
17.740045
18.297324
18.831383
19.400272
19.980771
20.538050
21.130159
21.687438
22.256327
22.813605
23.336054
23.893333
24.473832
25.054331
25.600000
26.157279
26.679728
27.237007
27.771066
28.339955
28.885624
29.431293
29.965351
