0.228617
0.780408
1.332200
1.883991
2.435782
2.987574
3.539365
4.091156
4.642948
5.210454
5.780136
6.337166
6.891950
7.457120
8.011202
8.570703
9.134626
9.703583
10.269478
10.843401
11.392517
11.920703
12.457823
13.016961
13.607868
14.143787
14.699569
15.243424
15.825420
16.366054
16.906145
17.466327
18.033016
18.576780
19.144512
19.687710
20.263401
20.815079
21.359365
21.915034
22.476304
23.058912
23.592472
24.127234
24.673424
25.220998
25.799456
26.336349
26.908299
27.473016
28.037029
28.581769
29.125238
29.666553
