0.062336
0.666372
1.270385
1.888277
2.430522
3.049252
3.594218
4.174218
4.753288
5.354467
5.899955
6.428594
6.994263
7.591043
8.162358
8.729660
9.338005
9.894626
10.451497
10.996508
11.547007
12.122268
12.699252
13.244036
13.800113
14.365805
14.864354
15.410862
15.957347
16.523152
17.077075
17.669592
18.257143
18.802540
19.349977
19.896485
20.414218
21.008662
21.593492
22.149592
22.719615
23.264807
23.789093
24.297234
24.862925
25.419002
25.975102
26.579116
27.307778
28.084399
28.630884
29.223900
29.722449
