0.063333
0.611587
1.159841
1.708095
2.256349
2.804603
3.352857
3.872902
4.441497
4.985261
5.544807
6.069433
6.649705
7.177234
7.687574
8.206780
8.784376
9.352313
9.919660
10.464558
11.013515
11.540544
12.088390
12.595329
13.194263
13.736190
14.284603
14.827823
15.402086
15.944331
16.466712
17.019683
17.578912
18.129932
18.720023
19.253968
19.831859
20.385737
20.980227
21.507914
22.077937
22.604036
23.138889
23.655669
24.248005
24.804853
25.346372
25.869615
26.505964
27.055011
27.574943
28.127302
28.710476
29.255646
29.796576
