1.7969999313354492
2.1886515617370605
2.5731327533721924
2.9650025367736816
3.3492441177368164
3.7337758541107178
4.14109992980957
4.501003980636597
4.876999855041504
5.2707788944244385
5.6607372760772705
6.060755252838135
6.468824863433838
6.86110520362854
7.228781700134277
7.58927845954895
7.988860845565796
8.397348880767822
8.788754224777222
9.172982931137085
9.548780918121338
9.949275016784668
10.340987205505371
10.725002527236938
11.085685968399048
11.485468864440918
11.885863780975342
12.269870519638062
12.64530897140503
13.04481816291809
13.429154396057129
13.812971353530884
14.196727991104126
14.597171068191528
14.99693512916565
15.397007465362549
15.756923913955688
16.16498064994812
16.549275636672974
16.93
17.308800220489502
17.70915412902832
18.10865306854248
18.509246349334717
18.893126249313354
19.26925230026245
19.645282745361328
20.028738498687744
20.4200541973114
20.813477039337158
21.220851182937622
21.604782581329346
21.97272491455078
22.364930152893066
22.74915599822998
23.140763998031616
23.53376007080078
23.933655261993408
24.324961185455322
24.709168672561646
25.146072149276733
25.47699475288391
25.860743761062622
26.261205434799194
26.654038906097412
27.0448100566864
27.42198133468628
27.837822198867798
28.212929010391235
28.60473346710205
28.980774879455566
29.364704370498657
29.740962028503418