1.6340000629425049
2.4584360122680664
3.2739155292510986
4.098160982131958
4.9379637241363525
5.754489421844482
6.577945232391357
7.451085567474365
8.225927352905273
9.002088785171509
9.81015920639038
10.65816354751587
11.505911588668823
12.330429553985596
13.218035221099854
14.03395128250122
14.841999530792236
15.578375577926636
16.354799270629883
17.21050715446472
17.954545974731445
18.73027229309082
19.48198676109314
20.27445697784424
21.098155736923218
21.882092475891113
22.649925470352173
23.425849199295044
24.24196457862854
25.05791449546814
25.873862981796265
26.650079488754272
27.401894330978394
28.226332902908325
28.95392346382141
29.770949125289917