1.497999906539917
1.8818585872650146
2.2340025901794434
2.601562023162842
2.9538516998291016
3.2975680828094482
3.6337969303131104
3.9859132766723633
4.329711437225342
4.673558712005615
5.0185301303863525
5.377620458602905
5.721794605255127
6.082567930221558
6.449838638305664
6.81795859336853
7.186023235321045
7.513597249984741
7.873894691467285
8.225671291351318
8.601796388626099
8.905601024627686
9.258342504501343
9.593624353408813
9.953568935394287
10.330034971237183
10.69776463508606
11.041635990142822
11.385559320449829
11.746594190597534
12.105692625045776
12.465768098831177
12.825553178787231
13.1857008934021
13.529954195022583
13.873927354812622
14.21796989440918
14.577955961227417
14.921549558639526
15.30588412284851
15.641593933105469
15.977596044540405
16.345643043518066
16.697880029678345
17.04954767227173
17.385552644729614
17.745423316955566
18.105683088302612
18.458136081695557
18.79355001449585
19.145519495010376
19.48170232772827
19.83417248725891
20.18581199645996
20.554596185684204
20.921407222747803
21.289395093917847
21.633787870407104
21.986878395080566
22.3300838470459
22.681498050689697
23.041605949401855
23.370140075683594
23.705478191375732
24.08261489868164
24.449775218963623
24.8177752494812
25.177669525146484
25.52975606918335
25.881625413894653
26.24980878829956
26.60981011390686
26.938265562057495
27.3137845993042
27.658146142959595
28.001471996307373
28.36965036392212
28.713770151138306
29.049903869628906
29.41777491569519
29.777839422225952