1.8939999198913575
2.5250874614715575
3.1733862018585204
3.813430414199829
4.429892168045044
5.045018301010132
5.701081619262696
6.325058088302613
6.965543851852417
7.598139867782593
8.237514600753784
8.845143423080444
9.493575677871704
10.13328085899353
10.733279094696044
11.36555920600891
11.985
12.629743919372558
13.28589259147644
13.914324865341186
14.51700364112854
15.148947820663452
15.798038110733032
16.429339752197265
17.05342827796936
17.661252603530883
18.301511392593383
18.949237451553344
19.581868753433227
20.19750343322754
20.81486044883728
21.461232528686523
22.076976165771484
22.71704731941223
23.333053216934204
23.957262382507324
24.589243993759155
25.22102318763733
25.869134531021118
26.51720820426941
27.141439304351806
27.741524324417114
28.398130283355712
29.020983324050903
29.63722930908203