2.2450000858306884
2.6606149291992187
3.1010703659057617
3.49261137008667
3.8571760272979736
4.245264492034912
4.652569971084595
5.0444552516937256
5.420585117340088
5.81284948348999
6.236763200759888
6.6211599922180175
7.044931135177612
7.437113485336304
7.84459300994873
8.236849269866944
8.628769121170045
9.044539890289307
9.477064809799195
9.87713833808899
10.284605464935304
10.660847625732423
11.044797859191895
11.484420738220216
11.860724649429322
12.26106806755066
12.668584785461427
13.08479329109192
13.468804082870484
13.868569812774659
14.27650471687317
14.644948444366456
15.03676386833191
15.452489814758302
15.860621175765992
16.27652617454529
16.652538022994996
17.061090908050538
17.484530172348023
17.884691438674928
18.2765922164917
18.668789587020875
19.053059778213502
19.492798767089845
19.89408536911011
20.27650233268738
20.66868706703186
21.052909574508668
21.492795667648316
21.900531730651856
22.300903759002686
22.692901096343995
23.084564170837403
23.44479700088501
23.855557880401612
24.268633089065553
24.644792280197144
25.020957908630372
25.428823909759522
25.86249538421631
26.29257508277893
26.685077629089356
27.060768089294434
27.468810043334962
27.868514499664307
28.268593273162843
28.67657681465149
29.084908685684205
29.492560586929322
29.860453567504884
30.30104374885559
30.716562271118164