0.022
0.6245161290322581
1.227032258064516
1.8295483870967741
2.4320645161290324
3.0345806451612907
3.637096774193549
4.239612903225807
4.8421290322580655
5.444645161290324
6.047161290322582
6.64967741935484
7.2521935483870985
7.854709677419357
8.457225806451614
9.059741935483872
9.66225806451613
10.264774193548389
10.867290322580647
11.469806451612905
12.072322580645164
12.674838709677422
13.27735483870968
13.879870967741939
14.482387096774197
15.084903225806455
15.687419354838713
16.28993548387097
16.892451612903226
17.494967741935483
18.09748387096774
18.699999999999996
19.342732696533204
19.91055467605591
20.526049642562867
21.134079008102418
21.74287488937378
22.294535188674928
22.886832265853883
23.446029691696168
24.02212718009949
24.61417081832886
25.192278623580933
25.77644681930542
26.4002788066864
27.02404522895813
27.624327182769775
28.248037099838257
28.840028285980225
29.416269063949585
29.983898639678955