1.141
1.6032496147919877
2.0654992295839754
2.527748844375963
2.9899984591679503
3.4522480739599377
3.914497688751925
4.376747303543913
4.8389969183359005
5.301246533127888
5.763496147919876
6.225745762711864
6.687995377503852
7.15024499229584
7.612494607087828
8.074744221879815
8.536993836671803
8.99924345146379
9.461493066255779
9.923742681047766
10.385992295839754
10.848241910631742
11.31049152542373
11.772741140215718
12.234990755007706
12.697240369799694
13.159489984591682
13.62173959938367
14.083989214175658
14.546238828967645
15.008488443759633
15.470738058551621
15.932987673343609
16.395237288135597
16.857486902927583
17.31973651771957
17.781986132511555
18.24423574730354
18.706485362095528
19.168734976887514
19.6309845916795
20.09230186440677
20.549928983050837
21.007556101694902
21.46518322033897
21.922810338983037
22.380437457627103
22.83806457627117
23.295691694915234
23.7533188135593
24.210945932203366
24.668573050847435
25.1262001694915
25.583827288135566
26.041454406779632
26.499081525423698
26.956708644067767
27.41433576271183
27.8719628813559
28.329589999999964
28.78721711864403
29.244844237288095
29.70247135593216