1.5759999752044678
2.0163419246673584
2.496591329574585
2.9361019134521484
3.3677163124084473
3.7839162349700928
4.175964593887329
4.559678077697754
4.944084167480469
5.351906061172485
5.767726898193359
6.167867660522461
6.591901779174805
6.991917371749878
7.375725984573364
7.791625499725342
8.18
8.60
9.00
9.440476179122925
9.823845148086548
10.19165301322937
10.599764823913574
10.983911514282227
11.383654594421387
11.799670934677124
12.216017484664917
12.591668605804443
13.008170366287231
13.423707962036133
13.839889764785767
14.281150817871094
14.680672883987427
15.07983684539795
15.480714797973633
15.888002395629883
16.255964040756226
16.656097173690796
17.039663791656494
17.43989086151123
17.83368158340454
18.231733798980713
18.639655590057373
19.056049346923828
19.44769597053528
19.848654985427856
20.23970603942871
20.663705587387085
21.03260040283203
21.43193483352661
21.84809374809265
22.24784231185913
22.65570640563965
23.056193590164185
23.47189736366272
23.87204074859619
24.263670682907104
24.664180517196655
25.071646451950073
25.48054528236389
25.903592109680176
26.303733348846436
26.711875915527344
27.08789324760437
27.503876209259033
27.89603304862976
28.28067398071289
28.655970096588135
29.03155255317688
29.424189567565918
29.80816102027893