1.0329999923706055
1.7608091831207275
2.4807345867156982
3.2018797397613525
3.92
4.61
5.41
6.10
6.82
7.5601489543914795
8.296779870986938
9.032245635986328
9.752285718917847
10.51
11.22
11.94
12.61
13.3122239112854
14.000651121139526
14.712280988693237
15.40854287147522
16.088268041610718
16.80
17.528481006622314
18.201292753219604
18.955135822296143
19.632410526275635
20.328247547149658
21.056570768356323
21.776607751846313
22.49648666381836
23.234095344543457
23.90624333381653
24.63427020072937
25.33830548286438
26.0662903881073
26.747178564071655
27.466428289413452
28.170183429718018
28.85823775291443
29.51428056716919