1.0869998836517334
1.6395003700256348
2.199516763687134
2.742952814102173
3.3030223751068117
3.831540813446045
4.368981351852417
4.9031338596344
5.438991537094116
5.959343900680542
6.511098613739014
7.087022294998169
7.663448085784912
8.21514009475708
8.743000259399414
9.248245706558228
9.807403316497803
10.359004726409912
10.887477865219116
11.463485946655274
11.984020700454712
12.575150480270386
13.118908395767212
13.663096656799317
14.174850454330445
14.734996070861817
15.303255310058594
15.855259885787964
16.391233196258543
16.895918359756468
17.4631228351593
17.990978231430052
18.551216831207274
19.087564458847044
19.639032592773436
20.199467411041258
20.75916766166687
21.2870814704895
21.82297777175903
22.36898302078247
22.91901873588562
23.471515169143675
23.99999045372009
24.543189754486082
25.086980333328246
25.686974277496336
26.2319216632843
26.74293445587158
27.287460079193114
27.85499810218811
28.391236057281493
28.928127279281615
29.470960607528685