3.308000087738037
4.003549814224243
4.683715581893921
5.4037768840789795
6.083616733551025
6.771552801132202
7.507554769515991
8.17957329750061
8.811553478240967
9.547629117965698
10.227781534194946
10.91554856300354
11.604081153869629
12.291840553283691
12.955621480941772
13.691730499267578
14.32437539100647
15.036539316177368
15.73
16.411839723587036
17.083544492721558
17.764591932296753
18.49960994720459
19.147741317749023
19.836124181747437
20.531354904174805
21.22758960723877
21.899605989456177
22.61151123046875
23.299803733825684
23.98779845237732
24.675532817840576
25.347642421722412
26.027589082717896
26.723033666610718
27.42785334587097
28.092021703720093
28.779765844345093
29.52351951599121