1.9736961451247166
2.345215419501134
2.7399546485260773
3.1346938775510202
3.5062131519274375
3.900952380952381
4.295691609977324
4.690430839002268
5.061950113378685
5.456689342403628
5.851428571428571
6.222947845804988
6.617687074829932
7.012426303854875
7.383945578231293
7.778684807256236
8.17342403628118
8.544943310657596
8.93968253968254
9.334421768707482
9.7059410430839
10.100680272108843
10.495419501133787
10.89015873015873
11.261678004535147
11.656417233560092
12.051156462585034
12.422675736961452
12.817414965986394
13.212154195011339
13.583673469387755
13.978412698412699
14.489251700680272
14.883990929705215
15.27873015873016
15.673469387755102
16.068208616780044
16.46294784580499
16.857687074829933
17.252426303854875
17.623945578231293
18.018684807256236
18.413424036281178
18.808163265306124
19.202902494331067
19.59764172335601
19.99238095238095
20.387120181405894
20.78185941043084
21.153378684807254
21.5481179138322
21.942857142857143
22.337596371882086
22.732335600907028
23.127074829931974
23.521814058956917
23.91655328798186
24.3112925170068
24.68281179138322
25.077551020408162
25.44907029478458
25.890249433106575
26.308208616780046
26.749387755102042
27.16734693877551
27.608526077097505
28.026485260770976
28.46766439909297
28.88562358276644
29.326802721088434