2.1419999599456787
2.949369430541992
3.7739555835723877
4.622015476226807
5.510599374771118
6.357863426208496
7.205411911010742
8.093344926834106
8.949406147003174
9.781792163848877
10.653644323348999
11.51815152168274
12.373934745788574
13.197647333145142
14.061808347702026
14.894920110702515
15.750388145446777
16.661783456802368
17.48534607887268
18.358266830444336
19.19836664199829
20.078431129455566
20.909657955169678
21.789451599121094
22.685948133468628
23.54154348373413
24.373899221420288
25.229411363601685
26.118211269378662
27.01343035697937
27.80604648590088
28.629578351974487
29.53799638748169