0.877
1.367051724137931
1.8571034482758622
2.3471551724137933
2.8372068965517245
3.3272586206896557
3.817310344827587
4.307362068965518
4.797413793103449
5.2874655172413805
5.777517241379312
6.267568965517243
6.757620689655174
7.247672413793105
7.737724137931036
8.227775862068967
8.717827586206898
9.207879310344829
9.69793103448276
10.187982758620691
10.678034482758623
11.168086206896554
11.658137931034485
12.148189655172416
12.638241379310347
13.128293103448279
13.61834482758621
14.108396551724141
14.598448275862072
15.088500000000003
15.578551724137935
16.068603448275866
16.558655172413797
17.048706896551728
17.53875862068966
18.02881034482759
18.51886206896552
19.008913793103453
19.498965517241384
19.989017241379315
20.479068965517246
20.969120689655178
21.45917241379311
21.94922413793104
22.43927586206897
22.929327586206902
23.419379310344834
23.909431034482765
24.399482758620696
24.889534482758627
25.37958620689656
25.86963793103449
26.35968965517242
26.849741379310352
27.339793103448283
27.829844827586214
28.319896551724145
28.809948275862077
29.300000000000008
