1.7950000762939453
2.498492479324341
3.186533212661743
3.906627893447876
4.610744476318359
5.306718349456787
5.986539840698242
6.722704648971558
7.434904098510742
8.138364315032959
8.834437370300293
9.578528642654419
10.282604932785034
10.984067678451538
11.730494499206543
12.386892557144165
13.074918508529663
13.754971504211426
14.466479778289795
15.186714172363281
15.906504392623901
16.626630544662476
17.3548104763031
18.026941537857056
18.72297501564026
19.418572902679443
20.10648798942566
20.819496154785156
21.522380590438843
22.218486547470093
22.946534872055054
23.659262657165527
24.354801893234253
25.082470178604126
25.778963088989258
26.506959199905396
27.17862033843994
27.874473094940186
28.60251760482788
29.31446647644043