1.496000051498413
1.9920477867126465
2.4800262451171875
2.960129737854004
3.431842803955078
3.904022455215454
4.4400475025177
4.921061992645264
5.4240500926971436
5.952128171920776
6.489610195159912
6.968811511993408
7.463916301727295
7.9760377407073975
8.456040143966675
8.928054571151733
9.439982652664185
9.944045305252075
10.481553077697754
10.959957361221313
11.455932140350342
11.943821907043457
12.423962354660034
12.92137598991394
13.423854351043701
13.912222146987915
14.40769624710083
14.88
15.35
15.85
16.42
16.92
17.55
18.01
18.490176916122437
18.969280242919922
19.424079656600952
19.880045175552368
20.327880382537842
20.759982347488403
21.19204020500183
21.615824699401855
22.072623252868652
22.496027946472168
22.959953784942627
23.416144847869873
23.857648849487305
24.271820306777954
24.680025100708008
25.127830505371094
25.5841805934906
26.047724962234497
26.48115611076355
26.911832332611084
27.36250638961792
27.784498691558838
28.208022594451904
28.655812740325928
29.104952335357666
29.536988973617554
29.984314441680908