1.3399998950958252
1.7957486915588379
2.18794677734375
2.6518316078186035
3.0998787689208984
3.5321280765533447
4.027702550888062
4.523701887130738
5.0122079658508305
5.4597012805938725
5.9002139377594
6.3399574565887455
6.811786870956421
7.299705963134766
7.747781734466553
8.227738599777222
8.70815752029419
9.149181346893311
9.595698575973511
10.027807693481446
10.467837553024292
10.91573784828186
11.403950672149659
11.843735437393189
12.29166172027588
12.715720157623291
13.155976991653443
13.611778001785279
14.051669816970826
14.531662921905518
15.011661748886109
15.419943790435791
15.843744497299195
16.275732021331788
16.707720737457276
17.155690650939942
17.611927490234375
18.076197605133057
18.531916360855103
18.955884437561036
19.419914464950562
19.86021755218506
20.307728986740113
20.733175973892212
21.164173822402955
21.58053300857544
22.003727416992188
22.452207307815552
22.90772388458252
23.29167244911194
23.73400948524475
24.148191194534302
24.555706481933594
24.987933378219605
25.43586347579956
25.86800549507141
26.299926261901856
26.739677171707154
27.148731689453125
27.587676267623902
28.027908544540406
28.48402331352234
28.91591284751892
29.35575149536133
29.772178869247437