3.1230019474029542
3.683233633041382
4.21149076461792
4.739490642547607
5.291229858398437
5.780882015228271
6.299227132797241
6.835127964019775
7.386983528137207
7.89948691368103
8.394950284957886
8.931023015975953
9.443214550018311
10.019443168640137
10.556000127792359
11.051609411239625
11.603105440139771
12.131014957427979
12.651139154434205
13.202930822372437
13.707110776901246
14.227024927139283
14.74697627067566
15.276073589324952
15.802975788116456
16.339669122695923
16.88395775794983
17.386967554092408
17.92322434425354
18.458835973739625
18.98910798072815
19.527465715408326
20.035212650299073
20.572079315185547
21.108745470046998
21.595089569091797
22.086487188339234
22.62701286315918
23.14701379776001
23.6432274723053
24.171533002853394
24.683199062347413
25.2030464553833
25.75589002609253
26.259009256362916
26.779204025268555
27.283211841583253
27.811194076538087
28.347289457321168
28.883496417999268
29.387456789016724