0.21900005340576173
0.7540306568145752
1.2430586338043212
1.7250861644744873
2.2041136741638185
2.6791407585144045
3.1631683826446535
3.6401957988739015
4.089221429824829
4.616251420974732
5.123280477523804
5.61930890083313
6.095336151123047
6.599364948272705
7.130395364761353
7.5924217224121096
8.084449958801269
8.5704776763916
9.099507999420165
9.584535789489745
10.094564867019653
10.590593290328979
11.112623167037963
11.612651777267455
12.111680221557616
12.609708738327026
13.050733995437621
13.525761079788207
14.022789669036865
14.509817314147949
14.994845104217529
15.479872894287109
15.976901245117187
16.419926595687866
16.91395492553711
17.381981801986694
17.873009872436523
18.325035524368285
18.81406350135803
19.296091270446777
19.793119621276855
20.237144899368285
20.71217222213745
21.18919939994812
21.677227449417114
22.171255540847778
22.654283237457275
23.15731210708618
23.61433811187744
24.12536735534668
24.614395332336425
25.11542410850525
25.617452812194824
26.116481256484985
26.606509399414062
27.111538124084472
27.60156626701355
28.070593070983886
28.60662360191345
29.112652492523193
29.591680002212524