0.1909998893737793
0.7180301189422608
1.225059175491333
1.7330881595611571
2.186113977432251
2.6411401271820067
3.1281677722930907
3.5771936416625976
4.031219625473023
4.4712447166442875
4.946271800994873
5.389297389984131
5.845323467254639
6.298349285125733
6.773376369476319
7.259404087066651
7.721430683135987
8.170456314086914
8.619481945037842
9.072507762908936
9.548535251617432
10.008561515808106
10.465587520599366
10.929614210128785
11.366639280319214
11.831665658950806
12.294692182540894
12.771719360351563
13.231745862960816
13.687771940231324
14.16279902458191
14.604824447631836
15.072851085662842
15.53587760925293
16.002904319763182
16.449929857254027
16.918956661224364
17.383983278274535
17.850010061264037
18.300035619735716
18.776062870025633
19.21108784675598
19.67611446380615
20.141141080856322
20.62516870498657
21.073194169998168
21.5522216796875
21.987246656417845
22.473274374008177
22.913299465179442
23.37032570838928
23.823351526260375
24.31237950325012
24.76340546607971
25.216431283950804
25.689458274841307
26.1354838848114
26.591509962081908
27.046535873413085
27.524563217163085
27.991590166091918
28.447616004943846
28.903642082214354
29.369668865203856
29.84969630241394