0.875
1.5388855934143066
2.1950788497924805
2.8197364807128906
3.4745655059814453
4.0985448360443115
4.763033390045166
5.379407167434692
6.02687406539917
6.675481557846069
7.298880100250244
7.930798768997192
8.57858920097351
9.219306945800781
9.858579874038696
10.474534034729004
11.122780323028564
11.770782470703125
12.436062812805176
13.019598245620728
13.675002336502075
14.330789566040039
15.036012411117554
15.61079716682434
16.235780000686646
16.88311195373535
17.52278971672058
18.170794248580933
18.826514959335327
19.45894765853882
20.07551121711731
20.690869569778442
21.32287049293518
21.979326725006104
22.658992290496826
23.29902982711792
23.890855312347412
24.554553985595703
25.219696283340454
25.842896699905396
26.514817476272583
27.186776638031006
27.819440126419067
28.458603858947754
29.075328826904297
29.730782508850098