1.4625
2.074535036087036
2.655568265914917
3.264603042602539
3.867637538909912
4.51467456817627
5.134709978103638
5.7777468204498295
6.3667806625366214
6.9768153667449955
7.5658492088317875
8.20288553237915
8.791919374465943
9.434955978393555
10.081993007659912
10.71602931022644
11.366066598892212
11.995102548599244
12.594136619567871
13.2281729221344
13.874210023880005
14.514246606826783
15.166283988952637
15.785319232940674
16.402354621887206
17.08039321899414
17.694428586959837
18.32546463012695
18.92549886703491
19.534533643722533
20.151569032669066
20.793605709075926
21.429642105102538
22.085679674148558
22.733716630935668
23.32375040054321
23.947785997390746
24.50981822013855
25.203855695724485
25.844892444610593
26.433926048278806
27.01695937156677
27.614993515014646
28.2130278968811
28.82706278800964
29.501101436614988