3.6670000553131104
4.23384428024292
4.867490768432617
5.4177820682525635
6.01781702041626
6.594151973724365
7.37798285484314
7.962206125259399
8.63403058052063
9.25824761390686
9.841700315475464
10.562024354934692
11.241851329803467
11.825980424880981
12.577949047088623
13.177738904953003
13.826509475708008
14.609981536865234
15.385905027389526
16.162009477615356
16.867011785507202
17.52199363708496
18.114099502563477
18.833635091781616
19.457867860794067
20.04203701019287
20.667823553085327
21.21779179573059
21.770101070404053
22.410402059555054
23.106133699417114
23.778218746185303
24.55383324623108
25.28186821937561
26.001651525497437
26.60194230079651
27.305828332901
27.945908546447754
28.54574179649353
29.201616525650024