0.6049999141693115
1.4410475635528563
2.2460936450958253
3.061140432357788
3.899188175201416
4.730235710144043
5.552282943725586
6.387330665588379
7.2113777542114255
8.03942502975464
8.868472471237183
9.66551794052124
10.497565641403199
11.336613550186158
12.119658365249634
12.91570390701294
13.766752614974976
14.593799962997437
15.426847591400147
16.22089303970337
17.0889426612854
17.905989303588868
18.703035011291504
19.510081186294556
20.296126260757447
21.150174989700318
21.93822015762329
22.732265367507935
23.591314449310303
24.392360343933106
25.233408584594727
26.056455507278443
26.871502056121827
27.669547929763795
28.54059757232666
29.36564482688904