0.5400000476837159
1.2130385303497315
1.872076358795166
2.5761166477203368
3.2311540508270262
3.925193634033203
4.5752309226989745
5.217267599105835
6.0143133068084715
6.717353429794311
7.296386566162109
7.9244225883483885
8.612461891174316
9.305501546859741
9.990540828704834
10.720582332611084
11.463625040054321
12.180665817260742
12.7736998462677
13.427737321853638
14.045772638320923
14.768813934326172
15.527857389450073
16.273900117874145
17.016942586898804
17.77198561668396
18.413024711608887
19.191069173812867
20.097119874954224
20.890165157318116
21.59120542526245
22.28624517440796
22.986285037994385
23.676324672698975
24.61
25.320421009063722
25.983458786010743
26.654497175216676
27.322535305023194
27.94057085990906
28.561606435775758
29.20464303970337
29.862680702209474