4.309000024795532
4.772879848480224
5.25319839477539
5.7299999999999995
6.21
6.660546789169311
7.172877798080444
7.676664838790893
8.132671127319336
8.62
9.084788570404053
9.588619003295898
10.05269003868103
10.565384159088135
11.116673002243042
11.676680574417114
12.189170608520508
12.676575908660888
13.196671495437622
13.700900325775146
14.204916248321533
14.668610105514526
15.141010055541992
15.612669954299927
16.101005325317384
16.6
17.108673582077028
17.606848011016847
18.076731214523317
18.560000000000002
19.045
19.540686140060426
19.972767601013185
20.42872239112854
20.92468620300293
21.388813028335573
21.87
22.33
22.8
23.3
23.71
24.17
24.63
25.09
25.55
26.060000000000002
26.55071999549866
27.142587680816654
27.694841165542606
28.150898237228397
28.64838697433472
29.13456918716431
29.622599620819095