0.840999984741211
1.2649146556854247
1.6568774223327636
2.0806395053863525
2.5286592483520507
2.9930540561676025
3.4247187614440917
3.84866681098938
4.280918264389038
4.712935113906861
5.178036117553711
5.608842277526856
6.0326134204864506
6.464648628234864
6.880810165405274
7.2894116878509525
7.704868936538697
8.128918075561524
8.600660705566407
9.048611783981324
9.441893243789673
9.865183019638062
10.297033214569092
10.745542669296265
11.186021947860718
11.617023134231568
12.081039094924927
12.489691877365113
12.937240028381348
13.352711820602417
13.825344228744507
14.241641187667847
14.657591962814331
15.074074649810791
15.5207594871521
15.936746263504029
16.408903503417967
16.865566158294676
17.313195133209227
17.73691334724426
18.232655668258666
18.689394855499266
19.14653649330139
19.600661182403563
20.073361539840697
20.536621236801146
20.99335732460022
21.417271518707274
21.91292276382446
22.330364608764647
22.762263441085814
23.225458526611327
23.64889802932739
24.097195529937743
24.56869592666626
25.025038146972655
25.4571551322937
25.817542219161986
26.24918975830078
26.690132522583006
27.07338943481445
27.490178489685057
27.937606477737425
28.377178573608397
28.793651485443114
29.232977294921874
29.664907598495482