0.4879999828338623
0.9880285930633546
1.5740621757507325
2.13209397315979
2.743128843307495
3.2581585121154784
3.7641874027252196
4.3092184734344485
4.881251163482666
5.434282846450806
6.056318349838257
6.662353105545044
7.2973893356323245
7.874422378540039
8.470456666946411
9.061490364074707
9.65
10.29
10.97
11.55
12.17766863822937
12.691698141098023
13.279731578826905
13.878765888214112
14.489800758361817
15.007830448150635
15.596864051818848
16.181897706985474
16.6779261302948
17.17695457458496
17.74298698425293
18.31001932144165
18.881052083969116
19.439083881378174
19.973114557266236
20.48014337539673
21.017174072265625
21.563205547332764
22.166240043640137
22.724271841049195
23.282303638458252
23.81
24.416368551254273
25.062405652999878
25.62343770980835
26.1964705657959
26.821506090164185
27.347536153793335
27.895567722320557
28.47860104560852
29.07863528251648
29.62366635322571