0.2999999523162842
0.8990342617034912
1.4280645847320557
1.9920969009399414
2.5881309509277344
3.1001601219177246
3.627190351486206
4.227224588394165
4.814258337020874
5.381290674209595
5.9613237380981445
6.527356147766113
7.104389190673828
7.766427040100098
8.3824622631073
9.026499032974243
9.800543546676636
10.544585943222046
11.217624425888062
11.847660541534424
12.50769829750061
13.1087327003479
13.800772190093994
14.54181456565857
15.240854740142822
15.945894956588745
16.59893226623535
17.3149733543396
18.04701519012451
18.759055852890015
19.43209433555603
20.078131437301636
20.603161334991455
21.175194025039673
21.770228147506714
22.40926456451416
23.034300327301025
23.715339422225952
24.459381818771362
25.247426986694336
25.9194655418396
26.56750249862671
27.23854088783264
27.861576557159424
28.4476101398468
29.058645009994507
29.678680419921875