0.7769999504089355
1.305030107498169
1.8010585308074951
2.3160879611968994
2.7921152114868164
3.2681424617767334
3.7521700859069824
4.2381978034973145
4.744226932525635
5.254256010055542
5.745284080505371
6.2633137702941895
6.737340927124023
7.2463698387146
7.735397815704346
8.225425958633423
8.698452949523926
9.196481466293335
9.685509443283081
10.19053840637207
10.71556830406189
11.189595460891724
11.689624071121216
12.16365122795105
12.691681385040283
13.17470908164978
13.695738792419434
14.176766395568848
14.673794746398926
15.158822536468506
15.674852132797241
16.139878511428833
16.66290855407715
17.14893627166748
17.644964694976807
18.11199140548706
18.626020908355713
19.125049352645874
19.606076955795288
20.11310601234436
20.615134716033936
21.12416362762451
21.62119221687317
22.089218854904175
22.59224772453308
23.079275608062744
23.593304872512817
24.078332662582397
24.58436155319214
25.09739112854004
25.58241868019104
26.064446210861206
26.549474000930786
27.073503971099854
27.602534294128418
28.04855990409851
28.542587995529175
29.0386164188385
29.52264404296875