0.7769999504089355
1.4050359725952148
2.00907039642334
2.638106346130371
3.2711427211761475
3.8881778717041016
4.487212181091309
5.115248203277588
5.722282886505127
6.337318181991577
6.965353965759277
7.59539008140564
8.225425958633423
8.79045844078064
9.43949556350708
10.050530433654785
10.68856692314148
11.291601419448853
11.916637182235718
12.515671253204346
13.166708707809448
13.736741304397583
14.415780067443848
15.007813930511475
15.634849786758423
16.236884355545044
16.885921478271484
17.494956254959106
18.12599229812622
18.73302698135376
19.350062370300293
19.960097074508667
20.552131175994873
21.169166326522827
21.791202068328857
22.417237758636475
23.00827145576477
23.635307550430298
24.270343780517578
24.895379543304443
25.505414247512817
26.119449377059937
26.735484838485718
27.394522428512573
28.00555729866028
28.603591680526733
29.20162582397461
29.835662126541138