0.7170000076293945
1.3160343170166016
1.843064546585083
2.3660943508148193
2.8341212272644043
3.371151924133301
3.9141829013824463
4.409211158752441
4.877238035202026
5.389267206192017
5.833292722702026
6.268317461013794
6.772346258163452
7.267374753952026
7.7724034786224365
8.262431621551514
8.69645643234253
9.179484128952026
9.709514379501343
10.168540716171265
10.673569440841675
11.208600044250488
11.771632194519043
12.255660057067871
12.772689580917358
13.293719291687012
13.802748441696167
14.315777778625488
14.807806015014648
15.255831480026245
15.763860702514648
16.220886707305908
16.702914476394653
17.20594310760498
17.70297145843506
18.185999155044556
18.651025772094727
19.13905358314514
19.64308261871338
20.078107357025146
20.543133974075317
21.028161764144897
21.490188121795654
21.934213638305664
22.38823962211609
22.875267267227173
23.355294942855835
23.812320947647095
24.256346464157104
24.700371742248535
25.186399459838867
25.65242624282837
26.128453493118286
26.659483909606934
27.232516765594482
27.75554656982422
28.283576726913452
28.7606041431427
29.23063087463379
29.69565749168396