0.3559999465942383
0.9000310897827148
1.4670634269714355
1.9600918292999268
2.5051229000091553
3.1321587562561035
3.7001912593841553
4.29822564125061
5.2822816371917725
5.95032000541687
6.604357481002808
7.3153979778289795
7.865429639816284
8.421461343765259
8.910489320755005
9.523524284362793
10.414575338363647
11.086613655090332
11.708649396896362
12.296682834625244
12.877716302871704
13.473750352859497
14.075784683227539
14.659818172454834
15.33385682106018
16.03689694404602
16.55492663383484
16.99795174598694
17.48397970199585
17.95500659942627
18.382030963897705
18.794054746627808
19.2470805644989
19.673105001449585
20.129130840301514
20.59015727043152
21.00818133354187
21.461207151412964
21.934234142303467
22.370259046554565
22.826285123825073
23.2263081073761
23.673333644866943
24.105358362197876
24.526382446289062
24.97440814971924
25.415433406829834
25.859458684921265
26.30648422241211
26.741509199142456
27.15453290939331
27.59155774116516
28.002581357955933
28.433605909347534
28.896632432937622
29.307656049728394
29.743680953979492