1.7630000114440918
2.2900302410125732
2.7940590381622314
3.367091655731201
3.8801209926605225
4.405151128768921
4.9531824588775635
5.498213768005371
6.066246032714844
6.607277154922485
7.130306959152222
7.656337022781372
8.213368892669678
8.798402309417725
9.36143445968628
9.946468114852905
10.453496932983398
10.979527235031128
11.517557859420776
12.04658818244934
12.613620519638062
13.16565203666687
13.728684425354004
14.27271556854248
14.788744926452637
15.339776515960693
15.866806745529175
16.40383744239807
16.95686912536621
17.517900943756104
18.045931339263916
18.58896231651306
19.16799545288086
19.704026222229004
20.264058113098145
20.80708932876587
21.40812373161316
21.96715545654297
22.55618929862976
23.07421875
23.672253131866455
24.22928500175476
24.78731679916382
25.3613498210907
25.933382511138916
26.520416021347046
27.07744789123535
27.627479314804077
28.192511558532715
28.79054594039917
29.347577810287476