0.4500000476837158
1.1230385303497314
1.782076358795166
2.486116647720337
3.1411540508270264
3.835193634033203
4.485230922698975
5.127267599105835
5.924313306808472
6.6273534297943115
7.206386566162109
7.834422588348389
8.522461891174316
9.215501546859741
9.900540828704834
10.630582332611084
11.373625040054321
12.090665817260742
12.6836998462677
13.337737321853638
13.955772638320923
14.678813934326172
15.437857389450073
16.183900117874146
16.926942586898804
17.68198561668396
18.363024711608887
19.141069173812866
20.027119874954224
20.820165157318115
21.52120542526245
22.21624517440796
22.916285037994385
23.606324672698975
24.485374927520752
25.29042100906372
25.953458786010742
26.624497175216675
27.292535305023193
27.910570859909058
28.531606435775757
29.17464303970337
29.832680702209473