0.6570000648498535
1.0900249481201172
1.4490454196929932
1.8410677909851074
2.1850874423980713
2.5541086196899414
2.9431307315826416
3.2691495418548584
3.6321702003479004
4.020192384719849
4.416215181350708
4.814237833023071
5.152257204055786
5.509277582168579
5.889299392700195
6.251320123672485
6.606340408325195
7.01236367225647
7.396385669708252
7.779407501220703
8.119426965713501
8.490447998046875
8.879470348358154
9.269492626190186
9.617512464523315
9.997534275054932
10.338553667068481
10.738576650619507
11.094597101211548
11.51262092590332
11.936645269393921
12.342668533325195
12.731690645217896
13.099711656570435
13.49973464012146
13.879756450653076
14.27077865600586
14.644799947738647
15.019821643829346
15.39884328842163
15.778864860534668
16.14288568496704
16.57391047477722
16.976933479309082
17.39095711708069
17.798980474472046
18.188002824783325
18.579025268554688
18.965047121047974
19.362069845199585
19.736091375350952
20.121113300323486
20.489134311676025
20.850155115127563
21.22217631340027
21.60519814491272
21.945217609405518
22.31623888015747
22.69126033782959
23.05928134918213
23.441303253173828
23.8053240776062
24.154344081878662
24.54136610031128
24.87738537788391
25.229405403137207
25.609427213668823
25.96344757080078
26.296466588974
26.641486167907715
27.005506992340088
27.373528242111206
27.730548620224
28.101569652557373
28.484591722488403
28.84461236000061
29.235634565353394
29.631657361984253