0.2909998893737793
0.8180301189422607
1.325059175491333
1.8330881595611572
2.286113977432251
2.741140127182007
3.228167772293091
3.6771936416625977
4.1312196254730225
4.571244716644287
5.046271800994873
5.489297389984131
5.945323467254639
6.398349285125732
6.873376369476318
7.35940408706665
7.821430683135986
8.270456314086914
8.719481945037842
9.172507762908936
9.648535251617432
10.108561515808105
10.565587520599365
11.029614210128784
11.466639280319214
11.931665658950806
12.394692182540894
12.871719360351562
13.331745862960815
13.787771940231323
14.26279902458191
14.704824447631836
15.172851085662842
15.63587760925293
16.102904319763184
16.54992985725403
17.018956661224365
17.483983278274536
17.950010061264038
18.400035619735718
18.876062870025635
19.31108784675598
19.776114463806152
20.241141080856323
20.725168704986572
21.17319416999817
21.6522216796875
22.087246656417847
22.57327437400818
23.013299465179443
23.470325708389282
23.923351526260376
24.412379503250122
24.863405466079712
25.316431283950806
25.78945827484131
26.2354838848114
26.69150996208191
27.146535873413086
27.624563217163086
28.09159016609192
28.547616004943848
29.003642082214355
29.469668865203857
29.94969630241394