0.313469
0.766259
1.195828
1.637007
2.078186
2.530975
2.983764
3.424943
3.866122
4.318912
4.771701
5.224490
5.677279
6.106848
6.559637
7.000816
7.441995
7.894785
8.347574
8.811973
9.253152
9.694331
10.135510
10.599909
11.041088
11.482268
11.923447
12.376236
12.817415
13.270204
13.711383
14.152562
14.593741
15.034921
15.476100
15.940499
16.404898
16.869297
17.322086
17.774875
18.216054
18.645624
19.075193
19.527982
19.969161
20.456780
20.921179
21.385578
21.826757
22.256327
22.685896
23.150295
23.614694
24.067483
24.485442
24.903401
25.332971
25.762540
26.203719
26.668118
27.120907
27.573696
28.026485
28.467664
28.908844
29.350023
29.826032
