0.8229999542236328
1.391770839691162
1.950756549835205
2.4792773723602295
3.0708208084106445
3.614811420440674
4.183441638946533
4.750714063644409
5.302821159362793
5.863006114959717
6.430760622024536
7.006864786148071
7.566715717315674
8.151137590408325
8.663702487945557
9.238775491714478
9.783250570297241
10.334762334823608
10.919000148773193
11.479126930236816
12.054745435714722
12.606858253479004
13.151021480560303
13.687003374099731
14.286823272705078
14.838756084442139
15.398643970489502
15.958922386169434
16.535241842269897
17.09524130821228
17.654765844345093
18.223484754562378
18.79882049560547
19.350709199905396
19.902752161026
20.43913459777832
21.014750003814697
21.55924677848816
22.1107497215271
22.662774085998535
23.222921133041382
23.830938577651978
24.391246557235718
24.911252975463867
25.48668599128723
26.07087731361389
26.630751132965088
27.18313503265381
27.721278429031372
28.2948579788208
28.85474944114685
29.422852754592896