1.2200000286102295
1.7320232391357422
2.188007116317749
2.659717321395874
3.1318461894989014
3.643963098526001
4.1560609340667725
4.611241817474365
5.067801237106323
5.563874959945679
6.051816940307617
6.571841239929199
7.051663398742676
7.5238330364227295
7.995885610580444
8.55605959892273
9.067808866500854
9.524204015731812
10.03580904006958
10.507960319519043
11.012311697006226
11.601478576660156
12.147915363311768
12.828296422958374
13.643887996673584
14.08
14.57
15.05
15.50786280632019
15.907754898071289
16.331974744796753
16.723992347717285
17.164345026016235
17.57175302505493
17.979900360107422
18.419779300689697
18.819774627685547
19.22004771232605
19.652114629745483
20.05982279777527
20.444237232208252
20.87569260597229
21.275813341140747
21.66870617866516
22.100334644317627
22.507843255996704
22.924234867095947
23.349873542785645
23.7322781085968
24.123918056488037
24.532143115997314
24.980029582977295
25.39576482772827
25.82002902030945
26.220025062561035
26.627858877182007
27.05180549621582
27.483782529830933
27.89232063293457
28.31614112854004
28.74778962135315
29.131824731826782
29.55580163002014
29.987931966781616