2.421999931335449
2.9370648860931396
3.446653366088867
3.9659295082092285
4.509624242782593
5.030675888061523
5.55767822265625
6.053644180297852
6.582168817520142
7.101586818695068
7.630151748657227
8.14986801147461
8.661758661270142
9.183131217956543
9.718596935272217
10.22171401977539
10.749584197998047
11.26174259185791
11.799038410186768
12.3338782787323
12.885665655136108
13.381897211074829
13.893729209899902
14.397974014282227
14.925634384155273
15.462169885635376
15.990630865097046
16.52563714981079
17.037651777267456
17.550780296325684
18.06967306137085
18.589651823043823
19.10201907157898
19.6376633644104
20.1581289768219
20.69370436668396
21.197609663009644
21.725854873657227
22.246049165725708
22.750659704208374
23.277822494506836
23.80566644668579
24.325870752334595
24.846122980117798
25.349817514419556
25.877926349639893
26.42159128189087
26.91850209236145
27.470147132873535
27.965587377548218
28.49363088607788
29.046120643615723
29.56606411933899