1.0089999103546143
1.496693458557129
1.9527636432647706
2.433397378921509
2.889111127853394
3.3209827804565433
3.768791999816895
4.248748149871826
4.712999906539917
5.184982385635376
5.63290771484375
6.097746696472168
6.553395833969116
7.001259412765503
7.443065729141235
7.920990791320801
8.353398885726929
8.792947854995727
9.272795286178589
9.69728669166565
10.153052177429199
10.601348009109497
11.03285798072815
11.504985418319702
11.94492205619812
12.386909580230713
12.842855548858642
13.33950719833374
13.77094898223877
14.21875319480896
14.6746009349823
15.13083610534668
15.5709894657135
16.050762987136842
16.53104910850525
16.978645420074464
17.45440754890442
17.930918312072755
18.427245473861696
18.88286647796631
19.346722221374513
19.80273041725159
20.29099569320679
20.723467683792116
21.17127356529236
21.6428261756897
22.13947138786316
22.602926111221315
23.026801919937135
23.531106805801393
24.034583187103273
24.474964952468873
24.930714464187623
25.387230014801027
25.850919818878175
26.33100805282593
26.80292639732361
27.258735513687135
27.74676833152771
28.178940868377687
28.642906045913698
29.130737400054933
29.626708602905275
30.123762845993042
30.571913242340088
31.019973278045654
31.499567985534668
31.998607397079468
32.44422173500061