3.680999994277954
4.113023519515991
4.560875654220581
5.009191513061523
5.441054821014404
5.889194488525391
6.353219985961914
6.784991502761841
7.217313289642334
7.657009601593018
8.08
8.49
8.90
9.328919649124146
9.76148796081543
10.17690396308899
10.601375102996826
11.057263374328613
11.497108221054077
11.913007020950317
12.337497472763062
12.769797563552856
13.201197862625122
13.64079737663269
14.097770929336548
14.51325273513794
14.937187433242798
15.353201389312744
15.76918649673462
16.201287031173706
16.681469440460205
17.080992937088013
17.52132487297058
17.953945875167847
18.377198457717896
18.793272018432617
19.233367443084717
19.66496229171753
20.122678995132446
20.537182092666626
20.953481674194336
21.385212659835815
21.826554775238037
22.264991521835327
22.713191986083984
23.136954307556152
23.57718801498413
24.016985177993774
24.424999713897705
24.833831310272217
25.265103816986084
25.704919815063477
26.16094446182251
26.592816591262817
27.000869274139404
27.440917491912842
27.865373849868774
28.28985595703125
28.753334522247314
29.208961963653564
29.625237226486206