1.4559999561309815
2.071719512939453
2.6553605651855468
3.2554412937164305
3.879463539123535
4.463809118270874
5.07146559715271
5.711783990859986
6.353001461029053
6.951652870178223
7.575451240539551
8.215963945388793
8.823463068008422
9.367457494735717
9.999509439468383
10.615757093429565
11.255691633224487
11.887703762054443
12.47151099205017
13.103990182876586
13.687459573745727
14.31169186592102
14.90351258277893
15.511994228363037
16.12746082305908
16.727457151412963
17.36938034057617
17.975609645843505
18.59949646949768
19.175783739089965
19.832381114959716
20.432956085205078
21.065014944076538
21.663454637527465
22.303697214126586
22.903594121932983
23.49570499420166
24.111406908035278
24.748917684555053
25.367688999176025
25.967677936553955
26.5357652759552
27.215909824371337
27.79244194984436
28.399454221725463
29.007673845291137
29.59948836326599