1.7130000591278076
2.4168074131011963
3.09127140045166
3.792752504348755
4.48936128616333
5.16117000579834
5.856736421585083
6.592981576919556
7.2967259883880615
7.984723806381226
8.680859088897705
9.360894441604614
10.057732582092285
10.745052576065063
11.392808675765991
12.106022119522095
12.802510976791382
13.464930295944214
14.153268814086914
14.841229677200317
15.554539442062378
16.232964277267456
16.888708114624023
17.600954055786133
18.305468320846558
19.00859761238098
19.697165727615356
20.409109830856323
21.088805675506592
21.81675362586975
22.46497082710266
23.192883491516113
23.84894633293152
24.55381178855896
25.248732328414917
25.929022550582886
26.65725541114807
27.337972164154053
27.992947578430176
28.680963277816772
29.392900705337524