1.486077097505669
1.9504761904761905
2.391655328798186
2.8560544217687074
3.297233560090703
3.7384126984126986
4.20281179138322
4.6439909297052155
5.085170068027211
5.5495691609977325
5.990748299319728
6.455147392290249
6.896326530612245
7.337505668934241
7.801904761904762
8.243083900226758
8.70748299319728
9.148662131519274
9.58984126984127
10.054240362811791
10.495419501133787
10.936598639455783
11.400997732426303
11.842176870748299
12.585215419501134
13.02639455782313
13.467573696145125
13.908752834467121
14.373151927437641
14.814331065759637
15.255510204081633
15.696689342403628
16.137868480725622
16.579047619047618
17.020226757369613
17.46140589569161
17.902585034013605
18.3437641723356
18.76172335600907
19.249342403628116
19.690521541950112
20.131700680272107
20.572879818594103
20.990839002267574
21.455238095238094
21.873197278911565
22.31437641723356
22.755555555555556
23.196734693877552
23.637913832199548
24.2184126984127
24.68281179138322
25.14721088435374
25.611609977324264
26.09922902494331
26.563628117913833
27.028027210884353
27.492426303854874
27.956825396825398
28.421224489795918
28.88562358276644
29.350022675736962
29.814421768707483