2.8860000801086425
3.509991807937622
4.102029008865356
4.750016374588013
5.397772951126099
6.005912227630615
6.606350584030151
7.24563042640686
7.861882848739624
8.493718786239624
9.141813440322876
9.774588985443115
10.423045320510864
11.15000431060791
11.64603416442871
12.0945445728302
12.574029846191406
13.078464670181274
13.57409255027771
14.037636919021606
14.526620073318481
14.966070575714111
15.485900564193726
15.997884197235107
16.462367458343508
16.8786341381073
17.310003681182863
17.726027173995973
18.14216796875
18.5340410900116
18.92607204437256
19.278097791671755
19.677861375808718
20.06189386367798
20.437653942108156
20.78207127571106
21.150465173721315
21.469971818923952
21.814045114517214
22.165634078979494
22.53404633522034
22.87764231681824
23.21417657852173
23.54202835083008
23.822993679046633
24.11785475730896
24.41408793449402
24.67807046890259
24.96604744911194
25.18187539100647
25.438046379089357
25.69368235588074
25.941893978118898
26.198164863586427
26.43806688308716
26.67814175605774
26.91804973602295
27.174008293151857
27.40655915260315
27.653830451965334
27.917993707656862
28.14167181968689
28.382070465087892
28.646091623306276
28.91026703834534
29.149989767074587
29.398071689605715
29.623057527542116
29.88650815010071