1.1389999389648438
1.6282858848571777
2.1385464668273926
2.5547924041748047
3.066579580307007
3.5470685958862305
4.018540143966675
4.475192308425903
4.986710548400879
5.444838047027588
5.938554763793945
6.41058087348938
6.898558855056763
7.378924369812012
7.954775810241699
8.330487489700317
8.714773893356323
9.042919158935547
9.420580863952637
9.762420892715454
10.146522998809814
10.530569314956665
10.891406297683716
11.250872373580933
11.634673118591309
11.994807481765747
12.34702467918396
12.698776960372925
13.050727605819702
13.402686595916748
13.778562307357788
14.131526470184326
14.49908995628357
14.850525617599487
15.210537195205688
15.570590019226074
15.923246145248413
16.282530307769775
16.650909423828125
17.059022903442383
17.444185256958008
17.795039176940918
18.122568130493164
18.475544452667236
18.8346004486084
19.21863603591919
19.56257152557373
19.898672580718994
20.25887107849121
20.62716317176819
20.97058367729187
21.35530424118042
21.706537008285522
22.066967487335205
22.434557914733887
22.762430906295776
23.282618045806885
23.794785737991333
24.299079656600952
24.786526918411255
25.314452409744263
25.77054786682129
26.291093587875366
26.762418746948242
27.24
27.730623483657837
28.226991415023804
28.683140754699707
29.178881645202637