1.181999921798706
1.8144896030426025
2.4229865074157715
3.022221803665161
3.6061627864837646
4.254956245422363
4.902421236038208
5.5501868724823
6.190418243408203
6.797955274581909
7.382652521133423
7.9423987865448
8.550183773040771
9.118199825286865
9.742177724838257
10.29
10.894351243972778
11.462184190750122
12.029984951019287
12.54995584487915
13.126641273498535
13.71897840499878
14.34220576286316
14.894255638122559
15.486353635787964
16.06199359893799
16.61421537399292
17.16593623161316
17.71899962425232
18.2547824382782
18.83017373085022
19.414201974868774
20.014232873916626
20.541980266571045
21.087810039520264
21.58258295059204
22.150185346603394
22.638171672821045
23.13
23.701847553253174
24.18199634552002
24.694220542907715
25.21416997909546
25.750652074813843
26.279002904891968
26.829933166503906
27.349941968917847