3.5739998817443848
4.085751056671143
4.5654990673065186
5.053852558135986
5.517744302749634
5.989934921264648
6.485980272293091
6.9900031089782715
7.47019100189209
7.997514247894287
8.48574161529541
8.965731620788574
9.461683988571167
9.957991600036621
10.46158742904663
10.949482202529907
11.437483787536621
11.917831897735596
12.421869993209839
12.917495965957642
13.437988996505737
13.925832986831665
14.437657594680786
14.933681964874268
15.397527694702148
15.893738746643066
16.405725955963135
16.901487588882446
17.392022686004637
17.87656435251236
18.33
18.837517976760864
19.293516159057617
19.797987699508667
20.302210807800293
20.78193736076355
21.253612279891968
21.76578998565674
22.18166470527649
22.709527492523193
23.17382311820984
23.685473203659058
24.14981746673584
24.653383255004883
25.11758303642273
25.605767965316772
26.110622882843018
26.581727027893066
27.06230401992798
27.557448863983154
28.037896156311035
28.517558336257935
29.006935834884644
29.469507694244385
29.93383765220642