2.4600000381469727
2.956329345703125
3.4444589614868164
3.9559860229492188
4.452221632003784
4.940024137496948
5.436052083969116
5.939955949783325
6.435948610305786
6.908097743988037
7.413116216659546
7.891983509063721
8.396922826766968
8.90821647644043
9.388217210769653
9.876211404800415
10.371954202651978
10.86919093132019
11.348036050796509
11.876198053359985
12.396463632583618
12.88418960571289
13.348478555679321
13.861024141311646
14.332711935043335
14.844233751296997
15.34038519859314
15.851957321166992
16.340317487716675
16.86067271232605
17.331913232803345
17.835953950881958
18.332207202911377
18.804362535476685
19.31619381904602
19.780481815338135
20.283983945846558
20.780477285385132
21.284204959869385
21.756194353103638
22.268211603164673
22.764657735824585
23.26797342300415
23.756197690963745
24.25186514854431
24.75684690475464
25.252115964889526
25.716043949127197
26.235995054244995
26.740044116973877
27.244442462921143
27.740148544311523
28.23647928237915
28.71648859977722
29.22841787338257
29.732954025268555