0.9539999961853027
1.4470281600952148
1.9310557842254639
2.424083948135376
2.909111738204956
3.4191410541534424
3.9351704120635986
4.412197828292847
4.894225358963013
5.388253450393677
5.894282341003418
6.417312383651733
6.915340900421143
7.414369344711304
7.909397840499878
8.414426565170288
8.890453815460205
9.402483224868774
9.89751148223877
10.397540092468262
10.889568090438843
11.385596513748169
11.878624677658081
12.404654741287231
12.88168215751648
13.398711681365967
13.903740644454956
14.427770614624023
14.885796785354614
15.38782548904419
15.90085482597351
16.39188289642334
16.884911060333252
17.371938943862915
17.85396647453308
18.332993984222412
18.81002116203308
19.312049865722656
19.84008002281189
20.33210825920105
20.79713487625122
21.30916404724121
21.80719256401062
22.283219814300537
22.773247957229614
23.26727604866028
23.76730465888977
24.247332334518433
24.712358951568604
25.218387842178345
25.71241593360901
26.199443817138672
26.73847460746765
27.203501224517822
27.732531547546387
28.197558164596558
28.66958522796631
29.18261432647705
29.661641836166382