1.2579999160766602
1.6414649677276612
2.017896671295166
2.3768317890167237
2.7370448303222656
3.1210491847991944
3.4746947479248047
3.857066173553467
4.193276901245117
4.560688753128051
4.95330430984497
5.329082984924316
5.688685436248779
6.049239654541015
6.42482759475708
6.825769920349121
7.211378116607666
7.570330877304077
7.937685031890869
8.265333671569824
8.664985675811767
9.064815301895141
9.425283451080322
9.808707971572876
10.176963348388671
10.54481484413147
10.92132975578308
11.296781558990478
11.689851779937744
12.057060499191284
12.424799222946167
12.809110660552978
13.177368898391723
13.544747848510742
13.906470794677734
14.248991985321044
14.641747016906738
15.000771780014038
15.393675346374511
15.753325719833374
16.128824014663696
16.52165581703186
16.89080216407776
17.274047870635986
17.624796648025512
17.985539932250976
18.313038129806518
18.71303798675537
19.11283399581909
19.489921827316284
19.85754777908325
20.209859867095947
20.554165382385253
20.954117078781128
21.312823553085327
21.697330017089843
22.064818878173828
22.464783210754394
22.809209127426147
23.169323225021362
23.537491817474365
23.921294469833374
24.297034521102905
24.66483094215393
25.04102255821228
25.40077449798584
25.770773906707763
26.161242027282714
26.553928155899047
26.928979415893554
27.280770320892334
27.642294187545776
28.009598989486694
28.376717586517334
28.73662926673889
29.096771020889282
29.473029870986938
29.865279932022094