0.36400002479553223
1.0320381546020507
1.7110771560668945
2.4001166248321533
3.088155927658081
3.828198137283325
4.550239505767823
5.230278434753418
5.930318536758423
6.641359033584595
7.356399955749512
8.097442331314086
8.777481260299682
9.43151873588562
10.150559844970703
10.914603652954101
11.648645582199096
12.317683639526367
13.00972336769104
13.738764944076538
14.424804391860961
15.109843435287475
15.84388536453247
16.577927532196046
17.25696629524231
17.948005857467653
18.67804759979248
19.392088356018068
20.072127285003663
20.788168134689332
21.520210208892824
22.229250612258912
22.90328926086426
23.624330463409425
24.348371925354005
25.03341096878052
25.75145215034485
26.44249171257019
27.15953272819519
27.837571563720704
28.561612787246705
29.238651695251466
29.967693271636964