1.4820001125335693
2.048032522201538
2.636066198348999
3.3001041412353516
3.84513521194458
4.423168420791626
5.45
6.052261590957642
6.711299180984497
7.310333490371704
7.90
8.486400604248047
9.032432079315186
9.646467208862305
10.62
11.258559226989746
11.877594709396362
12.40
12.94865608215332
13.49468731880188
14.182726621627808
14.78476095199585
15.56
16.174840450286865
16.67586922645569
17.128895044326782
17.614923000335693
18.06894874572754
18.518974542617798
18.92299771308899
19.355022430419922
19.809048414230347
20.25607395172119
20.717100381851196
21.141124486923218
21.56014847755432
22.03617572784424
22.486201524734497
22.937227249145508
23.39725351333618
23.8192777633667
24.241302013397217
24.656325578689575
25.102351188659668
25.56737780570984
25.993402004241943
26.429426908493042
26.85745143890381
27.300476789474487
27.723500967025757
28.13652467727661
28.569549322128296
29.00357413291931
29.463600635528564
29.88462471961975