0.13400006294250488
0.5250225067138672
0.8840429782867432
1.2810657024383545
1.6530871391296387
1.9951066970825195
2.387129068374634
2.786151885986328
3.140172243118286
3.5351946353912354
3.9232168197631836
4.2672364711761475
4.65825891494751
5.0202796459198
5.422302722930908
5.8153252601623535
6.198347091674805
6.579368829727173
6.952390193939209
7.344412565231323
7.7304346561431885
8.102456092834473
8.505479097366333
8.887500762939453
9.287523746490479
9.645544290542603
10.024565935134888
10.38858675956726
10.757607698440552
11.090626955032349
11.46764850616455
11.848670244216919
12.217691421508789
12.583712339401245
12.953733444213867
13.311753988265991
13.67977499961853
14.022794485092163
14.418817281723022
14.769837379455566
15.163859844207764
15.514879941940308
15.862899780273438
16.24092149734497
16.598942041397095
16.93096089363098
17.288981437683105
17.656002283096313
18.028023719787598
18.338041305541992
18.707062482833862
19.078083753585815
19.440104484558105
19.800124883651733
20.196147680282593
20.554168224334717
20.915188789367676
21.2732093334198
21.616228818893433
22.014251708984375
22.3792724609375
22.717291831970215
23.073312282562256
23.448333740234375
23.82635521888733
24.185375928878784
24.556396961212158
24.942419290542603
25.290439128875732
25.640459060668945
25.990478992462158
26.348499536514282
26.704519987106323
27.060540199279785
27.397559642791748
27.799582481384277
28.21860647201538
28.602628469467163
28.970649480819702