1.7830000114440918
2.3100302410125733
2.8140590381622315
3.387091655731201
3.9001209926605225
4.4251511287689205
4.973182458877563
5.518213768005371
6.086246032714843
6.627277154922485
7.150306959152221
7.676337022781372
8.233368892669677
8.818402309417724
9.381434459686279
9.966468114852905
10.473496932983398
10.999527235031128
11.537557859420776
12.06658818244934
12.633620519638061
13.18565203666687
13.748684425354003
14.29271556854248
14.808744926452636
15.359776515960693
15.886806745529174
16.42383744239807
16.97686912536621
17.537900943756103
18.065931339263916
18.60896231651306
19.18799545288086
19.724026222229003
20.284058113098144
20.82708932876587
21.42812373161316
21.98715545654297
22.57618929862976
23.09421875
23.692253131866455
24.24928500175476
24.807316799163818
25.381349821090698
25.953382511138916
26.540416021347045
27.09744789123535
27.647479314804077
28.212511558532714
28.81054594039917
29.367577810287475