0.207000036239624
0.7270298194885254
1.2420592498779297
1.7810900402069092
2.3151207160949707
2.848151226043701
3.3551800441741944
3.880210180282593
4.400239963531494
4.955271739959716
5.461300630569458
6.001331586837768
6.518361110687255
7.055391807556152
7.561420698165893
8.088450927734375
8.625481624603271
9.161512155532836
9.685542125701904
10.205571908950805
10.732602138519287
11.257632036209106
11.760660905838012
12.31269242286682
12.835722465515136
13.386753816604614
13.891782779693603
14.43681408882141
14.97584487915039
15.511875410079956
15.987902660369873
16.51793291091919
17.07196475982666
17.580993909835815
18.11602451324463
18.641054410934448
19.16908456802368
19.675113697052
20.212144393920898
20.768176097869873
21.256203908920288
21.799235124588012
22.307264108657836
22.83529426574707
23.370324869155883
23.88735463142395
24.403383989334106
24.922413606643676
25.45744421005249
25.985474605560302
26.49450351715088
27.025533933639526
27.54056360244751
28.06059314727783
28.5846231174469
29.104
29.628