0.7970000648498535
1.2300249481201173
1.5890454196929933
1.9810677909851075
2.3250874423980714
2.6941086196899415
3.0831307315826417
3.4091495418548585
3.7721702003479005
4.160192384719848
4.556215181350708
4.954237833023071
5.292257204055786
5.649277582168579
6.029299392700195
6.391320123672485
6.746340408325195
7.152363672256469
7.536385669708252
7.919407501220703
8.259426965713502
8.630447998046876
9.019470348358155
9.409492626190186
9.757512464523316
10.137534275054932
10.478553667068482
10.878576650619507
11.234597101211548
11.65262092590332
12.076645269393921
12.482668533325196
12.871690645217896
13.239711656570435
13.63973464012146
14.019756450653077
14.41077865600586
14.784799947738648
15.159821643829346
15.538843288421631
15.918864860534669
16.28288568496704
16.713910474777222
17.116933479309083
17.53095711708069
17.938980474472046
18.328002824783326
18.719025268554688
19.105047121047974
19.502069845199586
19.876091375350953
20.261113300323487
20.629134311676026
20.990155115127564
21.36217631340027
21.74519814491272
22.085217609405518
22.45623888015747
22.83126033782959
23.19928134918213
23.58130325317383
23.9453240776062
24.294344081878663
24.68136610031128
25.01738537788391
25.369405403137208
25.749427213668824
26.103447570800782
26.436466588974
26.781486167907715
27.14550699234009
27.513528242111207
27.870548620224
28.241569652557374
28.624591722488404
28.98461236000061
29.375634565353394
29.771657361984253