4.091799999999999
4.498271142857142
4.904742285714285
5.311213428571428
5.7176845714285705
6.124155714285712
6.530626857142855
6.937097999999998
7.343569142857141
7.750040285714283
8.156511428571426
8.562982571428568
8.969453714285713
9.375924857142856
9.782396
10.188867142857143
10.595338285714286
11.00180942857143
11.408280571428573
11.814751714285716
12.22122285714286
12.627694000000004
13.034165142857148
13.440636285714291
13.847107428571434
14.253578571428578
14.660049714285721
15.066520857142866
15.472992000000009
15.879463142857151
16.285934285714294
16.692405428571437
17.09887657142858
17.50534771428572
17.911818857142862
18.318290000000005
18.724761142857144
19.131232285714287
19.53770342857143
19.944174571428572
20.35064571428571
20.757116857142854
21.163587999999997
21.570059142857136
21.97653028571428
22.383001428571422
22.78947257142856
23.195943714285704
23.602414857142847
24.008885999999986
24.41535714285713
24.821828285714272
25.228299428571415
25.634770571428554
26.041241714285697
26.44771285714284
26.85418399999998
27.26065514285712
27.667126285714264
28.073597428571404
28.480068571428546
28.88653971428569
29.29301085714283
29.69948199999997