1.5090000629425049
2.0045366287231445
2.4925384521484375
2.996452569961548
3.46939754486084
3.940763473510742
4.453219413757324
4.932527303695679
5.436732292175293
5.924509286880493
6.412503719329834
6.885227918624878
7.364476442337036
7.853513717651367
8.324745893478394
8.80452585220337
9.30870270729065
9.812495470046997
10.276490688323975
10.780744552612305
11.27681851387024
11.756530284881592
12.220702409744263
12.7004976272583
13.205254077911377
13.692647457122803
14.156479120254517
14.636867046356201
15.116718053817749
15.58104419708252
16.0689914226532
16.59529209136963
17.060943603515625
17.548630237579346
18.02059555053711
18.500685930252075
18.981024026870728
19.44539213180542
19.932494163513184
20.405213832855225
20.862395524978638
21.340900182724
21.81
22.292778730392456
22.758179664611816
23.23810648918152
23.740432024002075
24.220704793930054
24.700525283813477
25.156346321105957
25.621378660202026
26.093282222747803
26.572768211364746
27.036976099014282
27.492947578430176
27.980982065200806
28.428744792938232
28.908546686172485
29.365060329437256
29.85348081588745