0.746999979019165
1.5290446281433105
2.3870937824249268
3.225141763687134
4.0301878452301025
4.839233875274658
5.68128228187561
6.524330377578735
7.339376926422119
8.154423713684082
8.981471061706543
9.82551908493042
10.635565519332886
11.51261568069458
12.337662935256958
13.153709650039673
13.976756572723389
14.80
15.64
16.53
17.35
18.11
18.93
19.842092037200928
20.662139177322388
21.48318600654602
22.253230094909668
23.17628288269043
23.96132779121399
24.81537652015686
25.6544246673584
26.5214741230011
27.374522924423218
28.173568725585938
29.018616914749146
29.883666515350342