1.078385
1.473974
1.896657
2.335598
2.747443
3.153870
3.576554
3.982980
4.416502
4.817509
5.223936
5.657457
6.069303
6.481149
7.722104
8.155626
8.583728
8.995574
9.402001
9.824684
10.236530
10.648375
11.060221
11.477485
11.900169
12.312015
12.734698
13.157382
13.563808
13.970235
14.398337
14.821021
15.227448
15.655550
16.056558
16.495498
16.918182
17.351704
17.774387
18.153719
18.560145
18.988248
19.405512
19.817358
20.240042
20.651887
21.079990
21.491835
21.898262
22.320945
22.738210
23.150056
23.561901
23.973747
24.401849
24.808276
25.230959
25.653643
26.070908
26.493591
26.910856
27.317282
27.723709
28.151811
28.563657
28.980922
29.398186
29.804613
